0  -600.00000000    962.82225660   
0  -580.00000000    931.04758176   
0  -560.00000000    936.04993460   
0  -540.00000000    930.27421710   
0  -520.00000000    978.61520639   
0  -500.00000000    933.50668210   
0  -480.00000000    897.87783599   
0  -460.00000000    968.75193178   
0  -440.00000000    857.22842065   
0  -420.00000000    896.08089057   
0  -400.00000000    903.64246119   
0  -380.00000000    937.98530230   
0  -360.00000000    849.38945214   
0  -340.00000000    784.03534255   
0  -320.00000000    865.73331706   
0  -300.00000000    785.93167149   
0  -280.00000000    783.18387694   
0  -260.00000000    805.89544697   
0  -240.00000000    747.53726071   
0  -220.00000000    674.71508524   
0  -200.00000000    710.07957807   
0  -180.00000000    724.37933055   
0  -160.00000000    686.18790499   
0  -140.00000000    656.00488568   
0  -120.00000000    658.50068450   
0  -100.00000000    613.59367932   
0   -80.00000000    580.83534169   
0   -60.00000000    543.45519214   
0   -40.00000000    527.90710042   
0   -20.00000000    550.93262940   
0     0.00000000    497.74617539   
0    20.00000000    473.34274256   
0    40.00000000    443.24826111   
0    60.00000000    438.26880881   
0    80.00000000    437.55830168   
0   100.00000000    449.38733949   
0   120.00000000    411.48734344   
0   140.00000000    429.46245421   
0   160.00000000    399.50106769   
0   180.00000000    361.32712050   
0   200.00000000    372.42355943   
0   220.00000000    361.55325189   
0   240.00000000    398.41726856   
0   260.00000000    356.51793253   
0   280.00000000    353.64079357   
0   300.00000000    381.64108469   
0   320.00000000    364.70246861   
0   340.00000000    388.35806214   
0   360.00000000    418.44072751   
0   380.00000000    411.89789433   
0   400.00000000    354.34890302   
0   420.00000000    389.47347324   
0   440.00000000    401.92631611   
0   460.00000000    419.35300626   
0   480.00000000    475.28068281   
0   500.00000000    446.09401961   
0   520.00000000    473.86655544   
0   540.00000000    455.97606758   
0   560.00000000    522.56247940   
0   580.00000000    544.12959172   
0   600.00000000    587.07838600   
1  -600.00000000    392.33616411 
1  -580.00000000    339.17175878 
1  -560.00000000    370.06960768 
1  -540.00000000    360.81405325 
1  -520.00000000    343.84295128 
1  -500.00000000    339.81357678 
1  -480.00000000    353.93697092 
1  -460.00000000    348.82207329 
1  -440.00000000    331.56436071 
1  -420.00000000    332.16482589 
1  -400.00000000    319.67511219 
1  -380.00000000    338.36388235 
1  -360.00000000    340.00509882 
1  -340.00000000    333.20918196 
1  -320.00000000    342.63844818 
1  -300.00000000    361.79683825 
1  -280.00000000    346.44574495 
1  -260.00000000    363.14135659 
1  -240.00000000    372.54552950 
1  -220.00000000    358.99931581 
1  -200.00000000    375.14940251 
1  -180.00000000    386.29341948 
1  -160.00000000    379.98758485 
1  -140.00000000    406.95755768 
1  -120.00000000    406.64422568 
1  -100.00000000    428.46267211 
1   -80.00000000    458.07513516 
1   -60.00000000    469.68886684 
1   -40.00000000    469.89607354 
1   -20.00000000    504.18747980 
1     0.00000000    549.08309158 
1    20.00000000    543.24653038 
1    40.00000000    565.09193721 
1    60.00000000    579.22195526 
1    80.00000000    590.03682521 
1   100.00000000    671.95969391 
1   120.00000000    674.00921235 
1   140.00000000    665.25424586 
1   160.00000000    696.53324186 
1   180.00000000    702.13367525 
1   200.00000000    729.30294408 
1   220.00000000    753.25188447 
1   240.00000000    746.18159388 
1   260.00000000    858.51946147 
1   280.00000000    861.29425182 
1   300.00000000    843.53585394 
1   320.00000000    915.98121615 
1   340.00000000    919.32505121 
1   360.00000000    953.29191238 
1   380.00000000   1020.30959765 
1   400.00000000   1049.66690363 
1   420.00000000   1109.19984240 
1   440.00000000   1058.73186005 
1   460.00000000   1191.82048175 
1   480.00000000   1358.02876102 
1   500.00000000   1411.07419045 
1   520.00000000   1418.19832003 
1   540.00000000   1373.87744564 
1   560.00000000   1468.76254820 
1   580.00000000   1964.98840111 
1   600.00000000   1862.32991671 
