  -600.00000000    962.82225660    392.33616411 
  -580.00000000    931.04758176    339.17175878 
  -560.00000000    936.04993460    370.06960768 
  -540.00000000    930.27421710    360.81405325 
  -520.00000000    978.61520639    343.84295128 
  -500.00000000    933.50668210    339.81357678 
  -480.00000000    897.87783599    353.93697092 
  -460.00000000    968.75193178    348.82207329 
  -440.00000000    857.22842065    331.56436071 
  -420.00000000    896.08089057    332.16482589 
  -400.00000000    903.64246119    319.67511219 
  -380.00000000    937.98530230    338.36388235 
  -360.00000000    849.38945214    340.00509882 
  -340.00000000    784.03534255    333.20918196 
  -320.00000000    865.73331706    342.63844818 
  -300.00000000    785.93167149    361.79683825 
  -280.00000000    783.18387694    346.44574495 
  -260.00000000    805.89544697    363.14135659 
  -240.00000000    747.53726071    372.54552950 
  -220.00000000    674.71508524    358.99931581 
  -200.00000000    710.07957807    375.14940251 
  -180.00000000    724.37933055    386.29341948 
  -160.00000000    686.18790499    379.98758485 
  -140.00000000    656.00488568    406.95755768 
  -120.00000000    658.50068450    406.64422568 
  -100.00000000    613.59367932    428.46267211 
   -80.00000000    580.83534169    458.07513516 
   -60.00000000    543.45519214    469.68886684 
   -40.00000000    527.90710042    469.89607354 
   -20.00000000    550.93262940    504.18747980 
     0.00000000    497.74617539    549.08309158 
    20.00000000    473.34274256    543.24653038 
    40.00000000    443.24826111    565.09193721 
    60.00000000    438.26880881    579.22195526 
    80.00000000    437.55830168    590.03682521 
   100.00000000    449.38733949    671.95969391 
   120.00000000    411.48734344    674.00921235 
   140.00000000    429.46245421    665.25424586 
   160.00000000    399.50106769    696.53324186 
   180.00000000    361.32712050    702.13367525 
   200.00000000    372.42355943    729.30294408 
   220.00000000    361.55325189    753.25188447 
   240.00000000    398.41726856    746.18159388 
   260.00000000    356.51793253    858.51946147 
   280.00000000    353.64079357    861.29425182 
   300.00000000    381.64108469    843.53585394 
   320.00000000    364.70246861    915.98121615 
   340.00000000    388.35806214    919.32505121 
   360.00000000    418.44072751    953.29191238 
   380.00000000    411.89789433   1020.30959765 
   400.00000000    354.34890302   1049.66690363 
   420.00000000    389.47347324   1109.19984240 
   440.00000000    401.92631611   1058.73186005 
   460.00000000    419.35300626   1191.82048175 
   480.00000000    475.28068281   1358.02876102 
   500.00000000    446.09401961   1411.07419045 
   520.00000000    473.86655544   1418.19832003 
   540.00000000    455.97606758   1373.87744564 
   560.00000000    522.56247940   1468.76254820 
   580.00000000    544.12959172   1964.98840111 
   600.00000000    587.07838600   1862.32991671 
